1, 1
2, 6
3, 16
4, 37
5, 63
6, 113
7, 163
8, 248
9, 339
10, 469
11, 591
12, 801
13, 971
14, 1221
15, 1481
16, 1822
17, 2112
18, 2567
19, 2929
20, 3475
21, 3975
22, 4585
23, 5115
24, 5965
25, 6616
26, 7466
27, 8286
28, 9336
29, 10178
30, 11478
31, 12440
32, 13805
33, 15025
34, 16475
35, 17775
36, 19686
37, 21056
38, 22866
39, 24566
40, 26776
41, 28458
42, 30958
43, 32808
44, 35370
45, 37736
46, 40386
47, 42596
48, 46006
49, 48457
50, 51712
51, 54612
52, 58182
53, 60992
54, 65092
55, 68264
56, 72514
57, 76134
58, 80344
59, 83826
60, 89286
61, 93008
62, 97818
63, 102368
64, 107829
65, 112249
66, 118349
67, 122839
68, 128929
69, 134229
70, 140729
71, 145771
72, 153506
73, 158836
74, 165686
75, 172196
76, 179798
77, 185898
78, 194398
79, 200640
80, 209506
81, 216887
82, 225297
83, 232187
84, 242687
85, 250227
86, 259477
87, 267897
88, 278267
89, 286189
90, 298019
91, 306519
92, 317649
93, 327269
94, 338319
95, 347731
96, 361381
97, 370791
98, 383046
99, 394148
100, 407819
101, 418021
102, 432521
103, 443131
104, 457581
105, 470581
106, 484631
107, 496081
108, 513301
109, 525183
110, 541043
111, 554743
112, 571793
113, 584563
114, 602663
115, 616443
116, 634125
117, 649595
118, 667005
119, 681505
120, 703605
121, 718368
122, 736978
123, 753798
124, 774000
125, 790276
126, 813026
127, 829156
128, 851001
129, 869501
130, 891601
131, 908763
132, 934383
133, 952483
134, 974933
135, 996253
136, 1020903
137, 1039673
138, 1066173
139, 1085495
140, 1112795
141, 1134895
142, 1160105
143, 1180845
144, 1211876
145, 1233768
146, 1260418
147, 1284928
148, 1313698
149, 1335900
150, 1368450
151, 1391252
152, 1422022
153, 1448412
154, 1478912
155, 1503924
156, 1539624
157, 1564274
158, 1595484
159, 1623584
160, 1659074
161, 1685574
162, 1722479
163, 1749049
164, 1784371
165, 1816091
166, 1850541
167, 1878431
168, 1920931
169, 1949662
170, 1987362
171, 2020304
172, 2059154
173, 2089084
174, 2131184
175, 2163734
176, 2205336
177, 2240156
178, 2279766
179, 2311808
180, 2361494
181, 2394256
182, 2436756
183, 2473976
184, 2519026
185, 2554646
186, 2602746
187, 2638126
188, 2684536
189, 2725536
190, 2772596
191, 2809078
192, 2863688
193, 2900938
194, 2947988
195, 2992188
196, 3043659
197, 3082469
198, 3137979
199, 3177581
200, 3232916
201, 3277816
202, 3328826
203, 3370926
204, 3431826
205, 3475558
206, 3528608
207, 3576838
208, 3634808
209, 3678972
210, 3743972
211, 3788494
212, 3847504
213, 3897924
214, 3955174
215, 4003274
216, 4072974
217, 4121074
218, 4180484
219, 4233784
220, 4300396
221, 4349696
222, 4418196
223, 4467926
224, 4536176
225, 4595417
226, 4659267
227, 4710797
228, 4786817
229, 4839259
230, 4908159
231, 4969159
232, 5040729
233, 5095019
234, 5172369
235, 5229829
236, 5302951
237, 5365371
238, 5437871
239, 5494993
240, 5583653
241, 5641735
242, 5715550
243, 5781980
244, 5860142
245, 5923868
246, 6007968
247, 6069508
248, 6151278
249, 6220178
250, 6301558
251, 6364560
252, 6460110
253, 6524770
254, 6605420
255, 6680820
256, 6768201
257, 6834251
258, 6926751
259, 6995251
260, 7088071
261, 7164693
262, 7250503
263, 7319673
264, 7423373
265, 7496433
266, 7586933
267, 7666153
268, 7760443
269, 7832805
270, 7939405
271, 8012847
272, 8111737
273, 8196737
274, 8290587
275, 8370009
276, 8481309
277, 8558039
278, 8654649
279, 8742191
280, 8852691
281, 8931653
282, 9042153
283, 9122243
284, 9228125
285, 9322245
286, 9425945
287, 9510045
288, 9634260
289, 9718071
290, 9827531
291, 9921631
292, 10033561
293, 10119411
294, 10241961
295, 10332493
296, 10448943
297, 10548983
298, 10659993
299, 10750093
300, 10886803
301, 10979303
302, 11093313
303, 11195333
304, 11318775
305, 11415547
306, 11547497
307, 11641747
308, 11769847
309, 11875947
310, 12001007
311, 12097729
312, 12242229
313, 12340199
314, 12463449
315, 12581749
316, 12712831
317, 12813321
318, 12953821
319, 13056545
320, 13198531
321, 13313031
322, 13445531
323, 13550511
324, 13705512
325, 13816182
326, 13949032
327, 14067852
328, 14210822
329, 14321322
330, 14479922
331, 14589484
332, 14734174
333, 14858844
334, 14998294
335, 15115034
336, 15285534
337, 15399104
338, 15542759
339, 15670459
340, 15828799
341, 15946163
342, 16110873
343, 16230973
344, 16388223
345, 16526023
346, 16675673
347, 16796083
348, 16972903
349, 17094705
350, 17257455
351, 17396855
352, 17563385
353, 17687995
354, 17862095
355, 17993187
356, 18159549
357, 18304549
358, 18464759
359, 18593641
360, 18794751
361, 18925434
362, 19089244
363, 19236874
364, 19415374
365, 19553954
366, 19740054
367, 19874744
368, 20055474
369, 20208536
370, 20386636
371, 20527136
372, 20729156
373, 20868286
374, 21045186
375, 21207946
376, 21395796
377, 21538936
378, 21743936
379, 21887578
380, 22085230
381, 22246530
382, 22428940
383, 22575630
384, 22794080
385, 22952680
386, 23138930
387, 23307280
388, 23504890
389, 23656212
390, 23877212
391, 24030912
392, 24239247
393, 24410867
394, 24604917
395, 24767209
396, 25000351
397, 25157961
398, 25355971
399, 25536971
400, 25758962
401, 25919764
402, 26144264
403, 26307804
404, 26522046
405, 26713952
406, 26924452
407, 27091592
408, 27338092
409, 27505374
410, 27724034
411, 27911734
412, 28134544
413, 28308644
414, 28549794
415, 28728934
416, 28960984
417, 29154204
418, 29375024
419, 29550586
420, 29823586
421, 30000828
422, 30223438
423, 30424548
424, 30663398
425, 30852188
426, 31104288
427, 31290388
428, 31530838
429, 31738238
430, 31978738
431, 32164500
432, 32444120
433, 32631610
434, 32872110
435, 33091030
436, 33340552
437, 33532412
438, 33798912
439, 33991634
440, 34261254
441, 34484295
442, 34730795
443, 34927045
444, 35214745
445, 35420717
446, 35669367
447, 35891387
448, 36164437
449, 36366039
450, 36662244
451, 36867448
452, 37135618
453, 37363638
454, 37621288
455, 37842288
456, 38149988
457, 38358838
458, 38621048
459, 38858848
460, 39148228
461, 39360750
462, 39665750
463, 39880120
464, 40167242
465, 40417362
466, 40688812
467, 40906902
468, 41231772
469, 41456272
470, 41743572
471, 41990072
472, 42286042
473, 42511742
474, 42823842
475, 43059504
476, 43364004
477, 43619714
478, 43905324
479, 44134766
480, 44489666
481, 44722566
482, 45012976
483, 45277976
484, 45587999
485, 45832659
486, 46164809
487, 46401979
488, 46718349
489, 46984049
490, 47302679
491, 47543761
492, 47896981
493, 48141161
494, 48448861
495, 48737513
496, 49065555
497, 49317655
498, 49662155
499, 49911157
500, 50252953
501, 50531853
502, 50846863
503, 51099873
504, 51486623
505, 51751875
506, 52075175
507, 52362485
508, 52701215
509, 52960297
510, 53337297
511, 53603797
512, 53953322
513, 54250162
514, 54580412
515, 54856272
516, 55244772
517, 55514392
518, 55856892
519, 56156192
520, 56531892
521, 56803334
522, 57186444
523, 57459974
524, 57820376
525, 58145876
526, 58491726
527, 58770706
528, 59186726
529, 59467097
530, 59832397
531, 60149259
532, 60529359
533, 60815299
534, 61211399
535, 61509099
536, 61890749
537, 62211169
538, 62572979
539, 62872001
540, 63319721
541, 63612403
542, 63979613
543, 64307233
544, 64703083
545, 65012015
546, 65437015
547, 65736225
548, 66130395
549, 66469097
550, 66866207
551, 67171011
552, 67621511
553, 67933611
554, 68317261
555, 68673461
556, 69079223
557, 69389473
558, 69827183
559, 70141683
560, 70584983
561, 70938783
562, 71333593
563, 71650563
564, 72114663
565, 72446683
566, 72847133
567, 73216183
568, 73644753
569, 73968515
570, 74439115
571, 74765157
572, 75200697
573, 75565517
574, 75986017
575, 76331047
576, 76827998
577, 77160928
578, 77579983
579, 77952483
580, 78412215
581, 78756715
582, 79227215
583, 79570035
584, 80023085
585, 80425305
586, 80854555
587, 81199125
588, 81713835
589, 82062079
590, 82514739
591, 82902839
592, 83370009
593, 83721659
594, 84221859
595, 84598859
596, 85065101
597, 85461121
598, 85911621
599, 86270423
600, 86823773
601, 87184975
602, 87647475
603, 88056065
604, 88534907
605, 88918745
606, 89428845
607, 89797295
608, 90291425
609, 90712425
610, 91196285
611, 91571985
612, 92126175
613, 92501945
614, 92973195
615, 93410515
616, 93929015
617, 94309705
618, 94840205
619, 95223367
620, 95748619
621, 96183219
622, 96666829
623, 97062929
624, 97642629
625, 98049530
626, 98539380
627, 98981020
628, 99498670
629, 99895970
630, 100487470
631, 100885632
632, 101416202
633, 101861422
634, 102363872
635, 102783252
636, 103373352
637, 103790022
638, 104303642
639, 104762464
640, 105330434
641, 105741316
642, 106313816
643, 106727266
644, 107283766
645, 107764766
646, 108289666
647, 108708276
648, 109335661
649, 109760465
650, 110313815
651, 110794815
652, 111352785
653, 111779195
654, 112373295
655, 112819507
656, 113393069
657, 113878099
658, 114430599
659, 114864881
660, 115531001
661, 115967923
662, 116515733
663, 117008733
664, 117594383
665, 118064983
666, 118688333
667, 119134593
668, 119720283
669, 120217583
670, 120801283
671, 121255367
672, 121937867
673, 122390797
674, 122958647
675, 123492467
676, 124095818
677, 124554148
678, 125192648
679, 125663148
680, 126304048
681, 126819348
682, 127406168
683, 127872658
684, 128564440
685, 129052460
686, 129652960
687, 130177380
688, 130808230
689, 131285930
690, 131974930
691, 132452412
692, 133080942
693, 133636042
694, 134238092
695, 134740464
696, 135456164
697, 135943944
698, 136552954
699, 137095854
700, 137779404
701, 138270806
702, 138967806
703, 139463746
704, 140129988
705, 140704588
706, 141327638
707, 141837738
708, 142568958
709, 143071640
710, 143727100
711, 144295122
712, 144968492
713, 145478352
714, 146203352
715, 146742592
716, 147415474
717, 147986694
718, 148631104
719, 149148066
720, 149954872
721, 150485372
722, 151138787
723, 151719607
724, 152407609
725, 152955751
726, 153693901
727, 154222431
728, 154944931
729, 155542802
730, 156235702
731, 156772202
732, 157553822
733, 158091112
734, 158764562
735, 159401822
736, 160125272
737, 160673052
738, 161438362
739, 161984484
740, 162732504
741, 163347904
742, 164050404
743, 164602454
744, 165420154
745, 165997406
746, 166693056
747, 167320046
748, 168063026
749, 168635526
750, 169449326
751, 170013328
752, 170766938
753, 171396958
754, 172112658
755, 172705510
756, 173566510
757, 174139560
758, 174857770
759, 175504370
760, 176304390
761, 176883512
762, 177690012
763, 178284112
764, 179050234
765, 179736374
766, 180469824
767, 181061764
768, 181935574
769, 182526936
770, 183319936
771, 183980436
772, 184762686
773, 185360216
774, 186201966
775, 186828228
776, 187628078
777, 188313078
778, 189069688
779, 189678572
780, 190606772
781, 191221896
782, 191990396
783, 192680836
784, 193516627
785, 194157527
786, 195015627
787, 195634997
788, 196450007
789, 197141707
790, 197953167
791, 198591667
792, 199535337
793, 200168077
794, 200956127
795, 201686727
796, 202518369
797, 203153579
798, 204058579
799, 204699479
800, 205588094
801, 206308996
802, 207113006
803, 207763266
804, 208706166
805, 209395166
806, 210212866
807, 210936486
808, 211803656
809, 212458138
810, 213417668
811, 214075390
812, 214959490
813, 215693910
814, 216529610
815, 217220430
816, 218209330
817, 218879030
818, 219715440
819, 220488940
820, 221407312
821, 222081354
822, 223019854
823, 223697184
824, 224599034
825, 225393254
826, 226263754
827, 226947684
828, 227960514
829, 228647756
830, 229543456
831, 230310756
832, 231239126
833, 231949916
834, 232916016
835, 233641156
836, 234568600
837, 235357440
838, 236235250
839, 236939172
840, 238044172
841, 238752295
842, 239638505
843, 240428125
844, 241363087
845, 242110093
846, 243115643
847, 243853793
848, 244812003
849, 245612903
850, 246556853
851, 247282953
852, 248341773
853, 249069383
854, 249999883
855, 250856375
856, 251829625
857, 252564075
858, 253601075
859, 254338957
860, 255349057
861, 256190057
862, 257118867
863, 257863637
864, 258982937
865, 259761117
866, 260698567
867, 261536677
868, 262546777
869, 263308301
870, 264402901
871, 265166201
872, 266176171
873, 267032481
874, 267991781
875, 268805581
876, 269924881
877, 270694011
878, 271657621
879, 272516121
880, 273597773
881, 274373935
882, 275489140
883, 276268830
884, 277304130
885, 278209450
886, 279190700
887, 279977470
888, 281141970
889, 281948470
890, 282978330
891, 283878812
892, 284923142
893, 285723162
894, 286833262
895, 287666354
896, 288758604
897, 289659604
898, 290667614
899, 291477618
900, 292721679
901, 293536579
902, 294562599
903, 295487599
904, 296573049
905, 297424861
906, 298564961
907, 299387611
908, 300469741
909, 301398123
910, 302503123
911, 303333045
912, 304567465
913, 305408045
914, 306452295
915, 307420015
916, 308521297
917, 309379397
918, 310568397
919, 311412959
920, 312584259
921, 313526759
922, 314589369
923, 315446509
924, 316727509
925, 317619379
926, 318691229
927, 319656739
928, 320806069
929, 321669111
930, 322919711
931, 323806973
932, 324947063
933, 325914283
934, 327004733
935, 327924613
936, 329239563
937, 330117533
938, 331240033
939, 332219733
940, 333426393
941, 334311875
942, 335544375
943, 336435835
944, 337623197
945, 338689197
946, 339817697
947, 340714507
948, 342025327
949, 342931427
950, 344109737
951, 345114637
952, 346347137
953, 347255347
954, 348533897
955, 349482429
956, 350681991
957, 351709231
958, 352856441
959, 353794941
960, 355214801
961, 356139284
962, 357303784
963, 358345734
964, 359565456
965, 360533956
966, 361858956
967, 362794046
968, 364048901
969, 365098701
970, 366322001
971, 367264843
972, 368659873
973, 369625973
974, 370811823
975, 371918523
976, 373187725
977, 374142255
978, 375470755
979, 376437239
980, 377775485
981, 378856747
982, 380062157
983, 381028447
984, 382458147
985, 383467207
986, 384688107
987, 385793107
988, 387085447
989, 388065947
990, 389509207
991, 390491289
992, 391804419
993, 392900039
994, 394160539
995, 395190191
996, 396637091
997, 397631101
998, 398876111
999, 399999511
1000, 401382971
1001, 402419971
1002, 403814471
1003, 404824251
1004, 406147293
1005, 407314693
1006, 408579743
1007, 409596963
1008, 411148513
1009, 412166595
1010, 413492855
1011, 414628555
1012, 415986415
1013, 417012585
1014, 418449135
1015, 419543735
1016, 420914785
1017, 422076855
1018, 423372265
1019, 424410627
1020, 425994027
1021, 427036469
1022, 428368969
1023, 429542609
1024, 430940710
1025, 432035692
1026, 433519892
1027, 434581032
1028, 435968082
1029, 437169082
1030, 438548382
1031, 439611344
1032, 441183844
1033, 442250934
1034, 443599034
1035, 444853014
1036, 446291514
1037, 447370894
1038, 448867394
1039, 449946916
1040, 451454136
1041, 452658236
1042, 454015446
1043, 455125546
1044, 456734608
1045, 457882872
1046, 459250522
1047, 460468542
1048, 461927312
1049, 463027714
1050, 464655214
1051, 465759816
1052, 467212386
1053, 468467156
1054, 469862056
1055, 471019628
1056, 472684928
1057, 473825028
1058, 475226883
1059, 476472983
1060, 478007243
1061, 479132965
1062, 480717275
1063, 481847245
1064, 483385745
1065, 484696665
1066, 486126365
1067, 487274385
1068, 488938005
1069, 490080767
1070, 491569267
1071, 492888767
1072, 494419857
1073, 495573397
1074, 497175497
1075, 498379847
1076, 499899449
1077, 501188269
1078, 502683379
1079, 503854679
1080, 505666879
1081, 506838179
1082, 508301589
1083, 509608419
1084, 511150701
1085, 512401301
1086, 514039401
1087, 515220971
1088, 516804661
1089, 518148094
1090, 519692754
1091, 520883036
1092, 522668036
1093, 523862686
1094, 525358736
1095, 526744536
1096, 528339986
1097, 529543396
1098, 531236906
1099, 532469406
1100, 534137268
1101, 535484168
1102, 537008188
1103, 538224798
1104, 540032098
1105, 541313898
1106, 542874398
1107, 544253638
1108, 545864968
1109, 547094850
1110, 548875850
1111, 550120494
1112, 551762864
1113, 553167864
1114, 554719114
1115, 556012094
1116, 557850476
1117, 559098166
1118, 560670666
1119, 562061966
1120, 563836466
1121, 565096950
1122, 566865950
1123, 568127080
1124, 569785282
1125, 571266398
1126, 572851248
1127, 574150278
1128, 576028778
1129, 577303420
1130, 578963520
1131, 580394920
1132, 582076810
1133, 583371230
1134, 585216480
1135, 586556260
1136, 588275582
1137, 589712002
1138, 591330812
1139, 592632912
1140, 594609432
1141, 595937932
1142, 597568142
1143, 599035972
1144, 600798872
1145, 602162364
1146, 603986464
1147, 605304404
1148, 607070504
1149, 608537404
1150, 610262554
1151, 611587356
1152, 613575251
1153, 614904661
1154, 616569311
1155, 618155311
1156, 619915342
1157, 621262082
1158, 623124582
1159, 624471946
1160, 626332766
1161, 627849766
1162, 629572266
1163, 630924836
1164, 632900936
1165, 634312476
1166, 636026576
1167, 637539796
1168, 639357326
1169, 640751826
1170, 642762926
1171, 644134168
1172, 645937018
1173, 647474018
1174, 649196868
1175, 650635578
1176, 652718928
1177, 654115828
1178, 655857048
1179, 657418790
1180, 659319962
1181, 660714724
1182, 662655224
1183, 664091774
1184, 665961824
1185, 667584744
1186, 669342994
1187, 670751964
1188, 672852804
1189, 674269048
1190, 676154048
1191, 677730148
1192, 679617318
1193, 681040568
1194, 683020668
1195, 684505840
1196, 686397940
1197, 688045040
1198, 689839050
1199, 691288654
1200, 693508564
1201, 694950966
1202, 696756976
1203, 698364996
1204, 700307496
1205, 701817628
1206, 703860578
1207, 705322758
1208, 707260928
1209, 708896328
1210, 710815518
1211, 712312018
1212, 714454438
1213, 715925808
1214, 717768058
1215, 719495238
1216, 721472120
1217, 722953210
1218, 725058210
1219, 726547510
1220, 728579722
1221, 730251122
1222, 732129622
1223, 733625352
1224, 735868502
1225, 737464103
1226, 739342953
1227, 741015773
1228, 742995023
1229, 744505465
1230, 746692065
1231, 748207427
1232, 750287527
1233, 751995597
1234, 753899047
1235, 755499087
1236, 757727187
1237, 759257357
1238, 761173167
1239, 762914167
1240, 765040187
1241, 766585887
1242, 768758887
1243, 770316827
1244, 772347989
1245, 774139389
1246, 776119889
1247, 777677589
1248, 779998089
1249, 781558091
1250, 783592596
1251, 785350898
1252, 787408268
1253, 789010368
1254, 791218568
1255, 792856620
1256, 794951870
1257, 796707490
1258, 798693990
1259, 800279072
1260, 802763372
1261, 804363072
1262, 806353882
1263, 808126302
1264, 810254824
1265, 811935984
1266, 814162084
1267, 815800184
1268, 817910474
1269, 819722674
1270, 821819574
1271, 823437658
1272, 825826158
1273, 827451538
1274, 829534888
1275, 831422788
1276, 833579992
1277, 835210722
1278, 837504832
1279, 839140674
1280, 841412580
1281, 843273580
1282, 845327990
1283, 846974080
1284, 849378580
1285, 851095880
1286, 853163130
1287, 855050470
1288, 857302970
1289, 858964492
1290, 861369492
1291, 863036174
1292, 865240754
1293, 867098374
1294, 869191424
1295, 870972424
1296, 873489345
1297, 875171555
1298, 877295575
1299, 879170475
1300, 881494545
1301, 883187147
1302, 885592147
1303, 887289957
1304, 889548407
1305, 891540579
1306, 893672629
1307, 895380879
1308, 897876099
1309, 899645099
1310, 901876159
1311, 903794759
1312, 906090689
1313, 907825029
1314, 910250179
1315, 912048599
1316, 914369099
1317, 916296319
1318, 918467729
1319, 920207491
1320, 922903691
1321, 924648733
1322, 926833343
1323, 928843163
1324, 931143965
1325, 932973275
1326, 935438275
1327, 937199205
1328, 939548695
1329, 941511195
1330, 943864195
1331, 945650519
1332, 948268589
1333, 950048289
1334, 952279589
1335, 954339309
1336, 956709959
1337, 958534059
1338, 961020559
1339, 962824259
1340, 965275799
1341, 967296181
1342, 969566601
1343, 971376781
1344, 974107281
1345, 975988693
1346, 978253343
1347, 980269363
1348, 982654333
1349, 984479537
1350, 987148637
1351, 989011137
1352, 991453272
1353, 993505312
1354, 995796962
1355, 997706454
1356, 388154
1357, 2233614
1358, 4586114
1359, 6661096
1360, 9232236
1361, 11084558
1362, 13661058
1363, 15521878
1364, 17986522
1365, 20196522
1366, 22528972
1367, 24397662
1368, 27197732
1369, 29073263
1370, 31513363
1371, 33601863
1372, 36123963
1373, 38009093
1374, 40631193
1375, 42616865
1376, 45142115
1377, 47282605
1378, 49671105
1379, 51611605
1380, 54505405
1381, 56412567
1382, 58799977
1383, 60925197
1384, 63469247
1385, 65464227
1386, 68239727
1387, 70169187
1388, 72697797
1389, 74841497
1390, 77353357
1391, 79299857
1392, 82171077
1393, 84151177
1394, 86590077
1395, 88866169
1396, 91424011
1397, 93391871
1398, 96106371
1399, 98063573
1400, 100830323
1401, 103011223
1402, 105468233
1403, 107440893
1404, 110368293
1405, 112421305
1406, 114901005
1407, 117146005
1408, 119811095
1409, 121796377
1410, 124669377
1411, 126667477
1412, 129284287
1413, 131527437
1414, 134077937
1415, 136160277
1416, 139119977
1417, 141139917
1418, 143653327
1419, 145910327
1420, 148663259
1421, 150727001
1422, 153567111
1423, 155592041
1424, 158293443
1425, 160650063
1426, 163199363
1427, 165235693
1428, 168280693
1429, 170322735
1430, 173018935
1431, 175323135
1432, 178046705
1433, 180100195
1434, 182956295
1435, 185142895
1436, 187849417
1437, 190143837
1438, 192728647
1439, 194799369
1440, 198028959
1441, 200122723
1442, 202775223
1443, 205104223
1444, 207848566
1445, 210027652
1446, 212931752
1447, 215025562
1448, 217810332
1449, 220221832
1450, 222962542
1451, 225067944
1452, 228168174
1453, 230279384
1454, 232922034
1455, 235368634
1456, 238267134
1457, 240393154
1458, 243382509
1459, 245511191
1460, 248421371
1461, 250793071
1462, 253475571
1463, 255683771
1464, 258847471
1465, 261079571
1466, 263766021
1467, 266183891
1468, 269012381
1469, 271183281
1470, 274369581
1471, 276533423
1472, 279427753
1473, 281838573
1474, 284577473
1475, 286844255
1476, 290058557
1477, 292284657
1478, 295015267
1479, 297457067
1480, 300484767
1481, 302678129
1482, 305755129
1483, 307954419
1484, 310904919
1485, 313505959
1486, 316266209
1487, 318477379
1488, 321757799
1489, 323974921
1490, 326861181
1491, 329382181
1492, 332303911
1493, 334532961
1494, 337667911
1495, 340010511
1496, 343017811
1497, 345507831
1498, 348370331
1499, 350617333
1500, 354035293
1501, 356294897
1502, 359114907
1503, 361652897
1504, 364669547
1505, 367074547
1506, 370224647
1507, 372514587
1508, 375520527
1509, 378050627
1510, 381014887
1511, 383298009
1512, 386783009
1513, 389080389
1514, 391945639
1515, 394598159
1516, 397614641
1517, 399918981
1518, 403151981
1519, 405509843
1520, 408719335
1521, 411333856
1522, 414229466
1523, 416548996
1524, 419936296
1525, 422359318
1526, 425329818
1527, 427920638
1528, 431021608
1529, 433378892
1530, 436809592
1531, 439153554
1532, 442234044
1533, 444899044
1534, 447858744
1535, 450309244
1536, 453804494
1537, 456170514
1538, 459127324
1539, 461799246
1540, 465129846
1541, 467509546
1542, 470812046
1543, 473192896
1544, 476359146
1545, 479117746
1546, 482105396
1547, 484570396
1548, 488105746
1549, 490505148
1550, 493636458
1551, 496332658
1552, 499541468
1553, 501953278
1554, 505378278
1555, 507893050
1556, 511070812
1557, 513794442
1558, 516838862
1559, 519269344
1560, 523026344
1561, 525512844
1562, 528588464
1563, 531302884
1564, 534530584
1565, 537077804
1566, 540530004
1567, 542985494
1568, 546331109
1569, 549066409
1570, 552270909
1571, 554738951
1572, 558342971
1573, 560852681
1574, 563949531
1575, 566911581
1576, 570210431
1577, 572704611
1578, 576163111
1579, 578656353
1580, 582064485
1581, 584854285
1582, 588046785
1583, 590552675
1584, 594338457
1585, 596951197
1586, 600114897
1587, 602918607
1588, 606228417
1589, 608804917
1590, 612457917
1591, 614992417
1592, 618358587
1593, 621213827
1594, 624389877
1595, 627060701
1596, 630861701
1597, 633412111
1598, 636616611
1599, 639476011
1600, 643031122
1601, 645594324
1602, 649198834
1603, 651820934
1604, 655197776
1605, 658174776
1606, 661426076
1607, 664008526
1608, 667825026
1609, 670413908
1610, 673858908
1611, 676774730
1612, 680209070
1613, 682810840
1614, 686428940
1615, 689158420
1616, 692637302
1617, 695627522
1618, 698899932
1619, 701521094
1620, 705551120
1621, 708178762
1622, 711467372
1623, 714394192
1624, 717972692
1625, 720739612
1626, 724411712
1627, 727058842
1628, 730568782
1629, 733550124
1630, 737004224
1631, 739718724
1632, 743677224
1633, 746349484
1634, 749697984
1635, 752787304
1636, 756300226
1637, 758979996
1638, 762847496
1639, 765556140
1640, 769273360
1641, 772265460
1642, 775635670
1643, 778338890
1644, 782280590
1645, 785153590
1646, 788540240
1647, 791592280
1648, 795210290
1649, 797939190
1650, 801910290
1651, 804652390
1652, 808308490
1653, 811356530
1654, 814776180
1655, 817624792
1656, 821724342
1657, 824469992
1658, 827906202
1659, 831027202
1660, 834789142
1661, 837570986
1662, 841407486
1663, 844173056
1664, 847886706
1665, 851128126
1666, 854682076
1667, 857460966
1668, 861518586
1669, 864304148
1670, 867929848
1671, 871032348
1672, 874786288
1673, 877642388
1674, 881586588
1675, 884509578
1676, 888196380
1677, 891341380
1678, 894860990
1679, 897685890
1680, 902118890
1681, 904946333
1682, 908486948
1683, 911706528
1684, 915428610
1685, 918381430
1686, 922329530
1687, 925233630
1688, 929018000
1689, 932187700
1690, 935922730
1691, 938790494
1692, 943013804
1693, 945880054
1694, 949570804
1695, 952891004
1696, 956726654
1697, 959606464
1698, 963610964
1699, 966497566
1700, 970462156
1701, 973783656
1702, 977414156
1703, 980331696
1704, 984617396
1705, 987668860
1706, 991306910
1707, 994544530
1708, 998452630
1709, 1373312
1710, 5655772
1711, 8587616
1712, 12492066
1713, 15752486
1714, 19424736
1715, 22547336
1716, 26902736
1717, 29861316
1718, 33550726
1719, 36870588
1720, 40959088
